[Calculations]
k = 2.0
fpom = 25368.792
v = 0.0068
psi_ud = 0.01165
sof = 1.0
tmax = 18688.78391469651
psi = 591.0928536000002
stt = 50737.584
area_multiplier = 50737.584

