[Calculations]
k = 2.0
fpom = 5.664
v = 0.022
psi_ud = 0.021
m = 12.0
tmax = 86.31355474565127
psi = 0.13902798969827615
stt = 11.328
bigm = 12.0

