[Calculations]
k = 2.0
fpom = 981.91
v = 0.015
psi_ud = 0.0068
sof = 6.925
tmax = 1666.804421887652
psi = 13.353975999999998
stt = 1963.8199999999995
area_multiplier = 283.58411552346564

