[Calculations]
k = 4.0
fpom = 2869.0
v = 0.004
psi_ud = 0.0132
tmax = 15109.856579905841
psi = 151.48319999999998
stt = 11476.0

