[Calculations]
k = 2.0
fpom = 219.691
v = 0.022
psi_ud = 0.021
sof = 1.0
tmax = 537.5557522713464
psi = 9.227022000000002
stt = 439.38200000000006
area_multiplier = 439.38200000000006

