[Calculations]
k = 2.0
fpom = 140.551
v = 0.042
psi_ud = 0.0129
sof = 1.0
tmax = 225.22040807685718
psi = 3.6262157999999998
stt = 281.10200000000003
area_multiplier = 281.10200000000003

