[Calculations]
k = 4.0
fpom = 25368.792
v = 0.0068
psi_ud = 0.0233
sof = 1.0
tmax = 26429.931676423945
psi = 2364.3714144000005
stt = 101475.168
area_multiplier = 101475.168

