[Calculations]
k = 2.0
fpom = 7282.514
v = 0.0055
psi_ud = 0.015
sof = 1.0
tmax = 12379.925639563224
psi = 218.47542
stt = 14565.028
area_multiplier = 14565.028

