[Calculations]
k = 2.0
fpom = 465.514
v = 0.0055
psi_ud = 0.015
sof = 1.906
tmax = 3129.9957315943875
psi = 13.96542
stt = 931.028
area_multiplier = 488.4721930745016

