[Calculations]
k = 4.0
fpom = 910.415
v = 0.0068
psyd = 0.0233
sof = 6.925
tmax = 5006.86462186635
psy = 84.85067799999999
stt = 3641.6599999999994
area_multiplier = 525.8714801444042

