[Calculations]
k = 2.0
fpom = 700.0
v = 0.005
psi_ud = 0.015
tmax = 4222.008245644752
psi = 20.999999999999993
stt = 1400.0

