[Calculations]
k = 4.0
fpom = 1500.0
v = 0.0137
psi_ud = 0.0177
m = 0.0
tmax = 3189.922425086362
psi = 106.2
stt = 5999.999999999999
bigm = 338769.76154417166

